[header]
width=20
height=20
tilewidth=32
tileheight=32
orientation=orthogonal
background_color=0,0,0,255

[tilesets]
tileset=../../../../Downloads/ProjectUtumno_full.png,32,32,0,0

[layer]
type=Tile Layer 1
data=
1154,1156,1157,1160,0,0,0,0,0,0,0,0,0,0,0,0,0,0,0,0,
0,1217,1217,1217,1217,1217,1217,1217,1217,1217,1217,1217,1217,1217,1217,1217,1217,1217,1217,0,
0,1217,3220,3220,3220,3220,3220,3220,3220,3220,3220,3220,3220,3220,3220,3220,3220,3220,1217,0,
0,1217,3220,3220,3220,3220,3220,3220,3220,3220,3220,3220,3220,3220,3220,3220,3220,3220,1217,0,
0,1217,3220,3220,3220,3220,3220,3220,3220,3220,3220,3220,3220,3220,3220,3220,3220,3220,1217,0,
0,1217,3220,3220,3220,3220,3220,3220,3220,3220,3220,3220,3220,3220,3220,3220,3220,3220,1217,0,
0,1217,3220,3220,3220,3220,3220,3220,3220,3220,3220,3220,3220,3220,3220,3220,3220,3220,1217,0,
0,1217,3220,3220,3220,3220,3220,3220,3220,3220,3220,3220,3220,3220,3220,3220,3220,3220,1217,0,
0,1217,3220,3220,3220,3220,3220,3220,3220,3220,3220,3220,3220,3220,3220,3220,3220,3220,1217,0,
0,1217,3220,3220,3220,3220,3220,3220,3220,3220,3220,3220,3220,3220,3220,3220,3220,3220,1217,0,
0,1217,3220,3220,3220,3220,3220,3220,3220,3220,3220,3220,3220,3220,3220,3220,3220,3220,1217,0,
0,1217,3220,3220,3220,3220,3220,3220,3220,3220,3220,3220,3220,3220,3220,3220,3220,3220,1217,0,
0,1217,3220,3220,3220,3220,3220,3220,3220,3220,3220,3220,3220,3220,3220,3220,3220,3220,1217,0,
0,1217,3220,3220,3220,3220,3220,3220,3220,3220,3220,3220,3220,3220,3220,3220,3220,3220,1217,0,
0,1217,3220,3220,3220,3220,3220,3220,3220,3220,3220,3220,3220,3220,3220,3220,3220,3220,1217,0,
0,1217,3220,3220,3220,3220,3220,3220,3220,3220,3220,3220,3220,3220,3220,3220,3220,3220,1217,0,
0,1217,3220,3220,3220,3220,3220,3220,3220,3220,3220,3220,3220,3220,3220,3220,3220,3220,1217,0,
0,1217,3220,3220,3220,3220,3220,3220,3220,3220,3220,3220,3220,3220,3220,3220,3220,3220,1217,0,
0,1217,1217,1217,1217,1217,1217,1217,1217,1217,1217,1217,1217,1217,1217,1217,1217,1217,1217,0,
0,0,0,0,0,0,0,0,0,0,0,0,0,0,0,0,0,0,0,0

[layer]
type=Tile Layer 2
data=
0,0,0,0,0,0,0,0,0,0,0,0,0,0,0,0,0,0,0,0,
0,0,0,0,0,0,0,0,0,0,0,0,0,0,0,0,0,0,0,0,
0,0,0,0,0,0,0,0,0,0,0,0,0,0,0,0,0,0,0,0,
0,0,0,0,0,0,0,0,0,0,0,0,0,0,0,0,0,0,0,0,
0,0,0,0,0,0,0,0,0,0,0,0,0,0,0,0,0,0,0,0,
0,0,0,0,0,7,0,0,0,0,0,0,0,0,7,0,0,0,0,0,
0,0,0,0,0,0,0,0,0,0,0,0,0,0,0,0,0,0,0,0,
0,0,0,0,0,0,0,0,0,0,0,0,0,0,0,0,0,0,0,0,
0,0,0,0,0,0,0,0,0,0,0,0,0,0,0,0,0,0,0,0,
0,0,0,0,0,0,0,0,0,0,0,0,0,0,0,0,0,0,0,0,
0,0,0,0,0,0,0,0,0,0,0,0,0,0,0,0,0,0,0,0,
0,0,0,0,0,0,0,0,0,0,0,0,0,0,0,0,0,0,0,0,
0,0,0,0,0,0,0,0,0,0,0,0,0,0,0,0,0,0,0,0,
0,0,0,0,0,0,0,0,0,0,0,0,0,0,0,0,0,0,0,0,
0,0,0,0,0,7,0,0,0,0,0,0,0,0,7,0,0,0,0,0,
0,0,0,0,0,0,0,0,3388,0,0,0,0,0,0,0,0,0,0,0,
0,0,0,0,0,0,0,0,0,0,0,0,0,0,0,0,0,0,0,0,
0,0,0,0,0,0,0,0,0,0,0,0,0,0,0,0,0,0,0,0,
0,0,0,0,0,0,0,0,0,0,0,0,0,0,0,0,0,0,0,0,
0,0,0,0,0,0,0,0,0,0,0,0,0,0,0,0,0,0,0,0

[layer]
type=Tile Layer 3
data=
0,0,0,0,0,0,0,0,0,0,0,0,0,0,0,0,0,0,0,0,
0,1217,1217,1217,1217,1217,1217,1217,1217,709,709,1217,1217,1217,1217,1217,1217,1217,1217,0,
0,1217,0,0,0,0,0,0,0,0,0,0,0,0,0,0,0,0,1217,0,
0,1217,0,0,0,0,0,0,0,6020,6020,0,0,0,0,0,0,0,1217,0,
0,1217,0,0,0,0,0,0,0,0,0,0,0,0,0,0,0,0,1217,0,
0,1217,0,0,0,1160,0,0,0,0,0,0,0,0,1157,0,0,0,1217,0,
0,1217,0,0,0,0,0,0,0,3284,0,0,0,0,0,0,0,0,1217,0,
0,1217,0,0,0,0,3284,0,0,0,0,0,0,0,0,0,3284,0,1217,0,
0,1217,0,0,0,0,0,0,0,0,0,0,0,0,0,0,0,0,1217,0,
0,1217,0,0,0,0,0,0,0,0,0,0,0,0,0,0,0,0,1217,0,
0,1217,0,0,0,0,0,0,0,0,0,0,0,0,0,0,0,0,1217,0,
0,1217,0,3284,0,0,0,0,0,0,0,0,0,0,3284,0,0,0,1217,0,
0,1217,0,0,0,0,0,0,0,0,0,0,0,0,0,0,0,0,1217,0,
0,1217,0,0,0,0,0,0,0,0,3284,0,0,0,0,0,0,0,1217,0,
0,1217,0,0,0,1156,0,0,0,0,0,0,0,0,1154,0,0,0,1217,0,
0,1217,0,0,0,0,0,0,0,0,0,0,0,0,0,0,0,0,1217,0,
0,1217,0,0,0,0,0,0,0,0,0,0,0,0,0,0,0,0,1217,0,
0,1217,0,0,0,0,0,0,0,0,0,0,0,0,0,0,0,0,1217,0,
0,1217,1217,1217,1217,1217,1217,1217,1217,1217,1217,1217,1217,1217,1217,1217,1217,1217,1217,0,
0,0,0,0,0,0,0,0,0,0,0,0,0,0,0,0,0,0,0,0