[header]
width=20
height=20
tilewidth=32
tileheight=32
orientation=orthogonal
background_color=0,0,0,255

[tilesets]
tileset=../Images/ProjectUtumno_full_0.png,32,32,0,0

[layer]
type=Tile Layer 1
data=
267,267,267,267,267,267,267,267,267,267,267,267,267,267,267,267,267,267,267,267,
267,268,268,268,268,268,268,268,268,268,268,268,268,268,268,268,268,268,268,267,
267,268,268,268,268,268,268,268,268,268,268,268,268,268,268,268,268,268,268,267,
267,268,268,268,268,268,268,268,268,268,268,268,268,268,268,268,268,268,268,267,
267,268,268,268,268,268,268,268,268,268,268,268,268,268,268,268,268,268,268,267,
267,268,268,268,268,268,268,268,268,268,268,268,268,268,268,268,268,268,268,267,
267,267,267,268,268,268,267,267,267,267,267,267,267,267,267,267,267,267,267,267,
267,268,268,268,268,268,268,268,268,268,268,268,268,268,268,268,268,268,268,267,
267,268,268,268,268,268,268,268,268,268,268,268,268,268,268,268,268,268,268,267,
267,268,268,268,268,268,268,268,268,268,268,268,268,268,268,268,268,268,268,267,
267,268,268,268,268,268,268,268,268,268,268,268,268,268,268,268,268,268,268,267,
267,268,268,268,268,268,268,268,268,268,268,268,268,268,268,268,268,268,268,267,
267,268,268,268,268,268,268,268,268,268,268,268,268,268,268,268,268,268,268,267,
267,268,268,268,268,268,268,268,268,268,268,268,268,268,268,268,268,268,268,267,
267,268,268,268,268,268,268,268,268,268,268,268,268,268,268,268,268,268,268,267,
267,268,268,268,268,268,268,268,268,268,268,268,268,268,268,268,268,268,268,267,
267,268,268,268,268,268,268,268,268,268,268,268,268,268,268,268,268,268,268,267,
267,268,268,268,268,268,268,268,268,268,268,268,268,268,268,268,268,268,268,267,
267,268,268,268,268,268,268,268,268,268,268,268,268,268,268,268,268,268,268,267,
267,267,267,267,267,267,267,267,267,268,268,267,267,267,267,267,267,267,267,267

[layer]
type=Tile Layer 2
data=
0,0,0,0,0,0,0,0,0,0,0,0,0,0,0,0,0,0,0,0,
0,0,0,3063,0,2997,0,3050,0,2867,0,2447,0,2384,0,2355,0,0,0,0,
0,0,0,0,0,0,0,0,0,0,0,0,0,0,0,0,0,0,0,0,
0,0,0,0,0,0,0,0,0,0,0,0,0,0,0,0,0,0,0,0,
0,0,0,0,0,0,0,0,0,0,0,0,0,0,0,0,0,0,0,0,
0,0,0,0,0,0,0,0,0,0,0,0,0,0,0,0,0,0,0,0,
0,0,0,107,108,109,0,0,0,0,0,0,0,0,0,0,0,0,0,0,
0,0,0,0,0,0,0,0,0,0,0,0,0,0,0,0,0,0,0,0,
0,0,0,0,0,0,0,0,0,0,0,0,0,0,0,0,0,0,0,0,
0,0,0,0,0,0,0,0,0,0,0,0,0,0,0,0,0,0,0,0,
0,0,0,0,0,0,0,0,0,0,0,0,0,0,0,0,0,0,0,0,
0,0,0,0,0,0,0,0,0,0,0,0,0,0,0,0,0,0,0,0,
0,0,0,0,0,0,0,0,0,0,0,0,0,0,0,0,0,0,0,0,
0,0,0,0,0,0,0,0,0,0,0,0,0,0,0,0,0,0,0,0,
0,0,0,0,0,0,0,0,0,0,0,0,0,0,0,0,0,0,0,0,
0,0,0,0,0,0,0,0,0,0,0,0,0,0,0,0,0,0,0,0,
0,0,0,0,0,0,0,0,0,0,0,0,0,0,0,0,0,0,0,0,
0,0,0,0,0,0,0,0,0,0,0,0,0,0,0,0,0,0,0,0,
0,0,0,0,0,0,0,0,0,0,0,0,0,0,0,0,0,0,0,0,
0,0,0,0,0,0,0,0,0,0,0,0,0,0,0,0,0,0,0,0

